$ 4 0.000005 10.20027730826997 50 5 50 5e-11
415 880 368 880 464 0 0.5 1 0.15 0.15 0.02 0.05 1 0
t 848 528 880 528 0 1 8.176570531759353e-12 -6.973976951485383e-12 100 default
. BMS 0 4 4 6 B\p 2 0 3 B- 5 1 3 IN\p 4 0 2 IN- 3 1 2 OUT\p 7 2 3 OUT- 6 3 3 ResistorElm\s1\s2\rResistorElm\s3\s1\rResistorElm\s4\s1\rResistorElm\s1\s5\rResistorElm\s1\s6\rResistorElm\s1\s7 0\\s1000000\s0\\s1000000\s0\\s1000000\s0\\s1000000\s0\\s1000000\s0\\s1000000
410 544 272 576 272 1 BMS 0\s1000000 0\s1000000 0\s1000000 0\s1000000 0\s1000000 0\s1000000
w 880 512 880 464 0
w 880 336 752 336 0
. Esp32 0 3 3 3 D4 4 2 3 GND 3 1 3 Vcc 1 0 3 ResistorElm\s2\s1\rResistorElm\s2\s3\rResistorElm\s2\s4 0\\s1000000\s0\\s1000000\s0\\s1000000
410 560 464 672 496 1 Esp32 0\s1000000 0\s1000000 0\s1000000
w 688 528 784 528 0
r 848 528 784 528 0 1000
w 880 336 880 368 0
w 688 496 720 496 0
w 704 368 720 368 0
w 720 368 720 496 0
w 720 496 720 576 0
w 720 576 880 576 0
w 880 576 880 544 0
w 688 464 752 464 0
w 752 464 752 336 0
w 704 336 752 336 0
v 784 272 768 272 0 0 40 5 0 0 0.5
w 704 272 752 272 0
v 768 272 752 272 0 0 40 5 0 0 0.5
w 704 304 800 304 0
w 800 304 800 272 0
w 800 272 784 272 0
v 496 304 496 272 0 0 40 5 0 0 1
w 496 272 544 272 0
w 496 304 544 304 0
x 458 322 537 325 4 12 power\svia\sUSB
x 750 246 786 249 4 12 battery
x 890 445 920 448 4 12 motor
x 606 402 640 405 4 12 Esp32
x 611 563 637 566 4 12 BMS
